10  29
20  116
30  262
40  457
50  734
60  1118
70  1433
80  1936
90  2379
100  3036
110  3568
120  4596
130  4939
140  5730
150  6548
160  7932
170  9196
180  9857
190  10815
200  11832
210  13462
220  15071
230  16323
240  17286
250  18640
260  20405
270  22119
280  24156
290  25807
300  27915
310  29783
320  31216
330  33534
340  35539
350  37587
360  39879
370  42139
380  43612
390  46299
400  48022
410  50992
420  52736
430  56182
440  59105
450  62472
460  64765
470  67838
480  69882
490  72468
500  75876
510  80081
520  82908
530  86336
540  89571
550  92839
560  97209
570  101016
580  103542
590  106646
600  110208
610  113616
620  116222
630  120266
640  123829
650  127281
660  131540
670  135973
680  139917
690  143928
700  149122
710  153618
720  157788
730  162447
740  166417
750  172991
760  177741
770  181805
780  187501
790  192478
800  197764
810  201655
820  205380
830  213200
840  217834
850  222234
860  227645
870  232914
880  239738
890  244116
900  248717
910  253094
920  258437
930  265091
940  271882
950  276457
960  281362
970  288973
980  294773
990  299364
1000  305511
