10  43
20  188
30  431
40  770
50  1215
60  1760
70  2405
80  3148
90  3992
100  4937
110  5982
120  7127
130  8371
140  9715
150  11160
160  12705
170  14346
180  16090
190  17934
200  19878
210  21923
220  24065
230  26309
240  28653
250  31098
260  33643
270  36286
280  39028
290  41873
300  44817
310  47862
320  51007
330  54252
340  57597
350  61040
360  64585
370  68226
380  71969
390  75814
400  79757
410  83801
420  87946
430  92189
440  96534
450  100978
460  105523
470  110168
480  114913
490  119751
500  124694
510  129738
520  134882
530  140127
540  145470
550  150914
560  156458
570  162102
580  167845
590  173690
600  179634
610  185678
620  191820
630  198064
640  204408
650  210853
660  217397
670  224042
680  230787
690  237632
700  244573
710  251612
720  258756
730  266000
740  273344
750  280789
760  288333
770  295977
780  303722
790  311566
800  319509
810  327554
820  335698
830  343942
840  352286
850  360730
860  369275
870  377920
880  386663
890  395508
900  404447
910  413492
920  422637
930  431882
940  441227
950  450671
960  460214
970  469857
980  479602
990  489444
1000  499387
