Random Number Generated (Average Case) >>
30  13  5  95  40  

8  88  6  69  93  57  52  36  84  89  

60  60  10  20  62  25  19  81  53  83  30  16  88  7  58  

13  74  9  66  10  73  27  47  16  66  39  32  15  38  80  41  42  46  69  1  

47  78  35  44  74  57  5  42  13  19  13  72  3  83  33  33  11  15  27  14  85  44  33  59  89  

85  44  33  59  89  95  5  60  2  41  32  66  11  15  62  21  76  57  19  85  83  95  39  16  94  58  84  93  73  87  

83  95  39  16  94  58  84  93  73  87  96  95  92  13  81  70  64  34  68  19  2  1  48  39  22  38  88  55  61  42  38  6  9  67  41  

2  1  48  39  22  38  88  55  61  42  38  6  9  67  41  46  81  63  43  24  2  46  46  70  24  9  51  88  11  19  42  20  27  43  88  80  83  71  77  87  

2  46  46  70  24  9  51  88  11  19  42  20  27  43  88  80  83  71  77  87  66  33  39  36  33  63  23  55  68  82  64  84  50  76  21  67  92  72  89  16  99  86  76  14  77  

66  33  39  36  33  63  23  55  68  82  64  84  50  76  21  67  92  72  89  16  99  86  76  14  77  26  92  63  2  21  49  22  58  16  62  29  64  10  39  98  48  33  60  71  9  58  26  88  81  56  

