Random Number Generated (Best Case) >>
144  229  273  352  425  428  476  534  596  

79  79  127  160  239  280  292  389  455  490  539  571  652  750  774  850  915  950  961  

84  116  197  295  319  395  460  495  506  561  578  590  631  645  649  743  749  810  853  910  995  1073  1130  1186  1241  1305  1310  1344  1443  

72  84  125  139  143  237  243  304  347  404  489  567  624  680  735  799  804  838  937  1015  1028  1056  1148  1164  1213  1297  1336  1396  1441  1446  1475  1481  1520  1564  1568  1576  1653  1686  1700  

142  220  277  333  388  452  457  491  590  668  681  709  801  817  866  950  989  1049  1094  1099  1128  1134  1173  1217  1221  1229  1306  1339  1353  1398  1400  1473  1571  1646  1677  1772  1870  1964  2030  2122  2215  2241  2262  2288  2384  2426  2515  2528  2605  

91  119  211  227  276  360  399  459  504  509  538  544  583  627  631  639  716  749  763  808  810  883  981  1056  1087  1182  1280  1374  1440  1532  1625  1651  1672  1698  1794  1836  1925  1938  2015  2063  2063  2064  2092  2191  2282  2352  2417  2492  2578  2597  2653  2723  2799  2832  2913  2928  2956  3029  3045  

34  40  79  123  127  135  212  245  259  304  306  379  477  552  583  678  776  870  936  1028  1121  1147  1168  1194  1290  1332  1421  1434  1511  1559  1559  1560  1588  1687  1778  1848  1913  1988  2074  2093  2149  2219  2295  2328  2409  2424  2452  2525  2541  2633  2634  2649  2672  2742  2775  2806  2904  2939  3028  3033  3043  3068  3089  3133  3165  3206  3293  3365  3441  

47  120  218  293  324  419  517  611  677  769  862  888  909  935  1031  1073  1162  1175  1252  1300  1300  1301  1329  1428  1519  1589  1654  1729  1815  1834  1890  1960  2036  2069  2150  2165  2193  2266  2282  2374  2375  2390  2413  2483  2516  2547  2645  2680  2769  2774  2784  2809  2830  2874  2906  2947  3034  3106  3182  3209  3235  3235  3269  3340  3413  3420  3507  3548  3613  3711  3740  3827  3899  3923  3962  4028  4075  4152  4206  

185  211  232  258  354  396  485  498  575  623  623  624  652  751  842  912  977  1052  1138  1157  1213  1283  1359  1392  1473  1488  1516  1589  1605  1697  1698  1713  1736  1806  1839  1870  1968  2003  2092  2097  2107  2132  2153  2197  2229  2270  2357  2429  2505  2532  2558  2558  2592  2663  2736  2743  2830  2871  2936  3034  3063  3150  3222  3246  3285  3351  3398  3475  3529  3578  3666  3738  3794  3850  3923  3959  3989  4035  4108  4136  4228  4318  4358  4388  4446  4475  4565  4611  4703  

48  49  77  176  267  337  402  477  563  582  638  708  784  817  898  913  941  1014  1030  1122  1123  1138  1161  1231  1264  1295  1393  1428  1517  1522  1532  1557  1578  1622  1654  1695  1782  1854  1930  1957  1983  1983  2017  2088  2161  2168  2255  2296  2361  2459  2488  2575  2647  2671  2710  2776  2823  2900  2954  3003  3091  3163  3219  3275  3348  3384  3414  3460  3533  3561  3653  3743  3783  3813  3871  3900  3990  4036  4128  4194  4234  4326  4355  4393  4452  4512  4514  4600  4650  4655  4738  4831  4868  4931  5018  5081  5093  5134  5171  

