Random Number Generated (Worst Case) >>
50  -8  -46  -59  -130  -153  -251  -299  -334  

50  -8  -46  -59  -130  -153  -251  -299  -334  -428  -454  -541  -638  -691  -747  -845  -942  -1003  -1025  

50  -8  -46  -59  -130  -153  -251  -299  -334  -428  -454  -541  -638  -691  -747  -845  -942  -1003  -1025  -1095  -1171  -1171  -1174  -1190  -1231  -1302  -1332  -1431  -1483  

50  -8  -46  -59  -130  -153  -251  -299  -334  -428  -454  -541  -638  -691  -747  -845  -942  -1003  -1025  -1095  -1171  -1171  -1174  -1190  -1231  -1302  -1332  -1431  -1483  -1522  -1555  -1558  -1584  -1657  -1727  -1754  -1846  -1863  -1902  

50  -8  -46  -59  -130  -153  -251  -299  -334  -428  -454  -541  -638  -691  -747  -845  -942  -1003  -1025  -1095  -1171  -1171  -1174  -1190  -1231  -1302  -1332  -1431  -1483  -1522  -1555  -1558  -1584  -1657  -1727  -1754  -1846  -1863  -1902  -1959  -2047  -2059  -2140  -2186  -2208  -2282  -2354  -2448  -2511  

50  -8  -46  -59  -130  -153  -251  -299  -334  -428  -454  -541  -638  -691  -747  -845  -942  -1003  -1025  -1095  -1171  -1171  -1174  -1190  -1231  -1302  -1332  -1431  -1483  -1522  -1555  -1558  -1584  -1657  -1727  -1754  -1846  -1863  -1902  -1959  -2047  -2059  -2140  -2186  -2208  -2282  -2354  -2448  -2511  -2520  -2617  -2682  -2692  -2711  -2755  -2848  -2904  -2949  -3048  

50  -8  -46  -59  -130  -153  -251  -299  -334  -428  -454  -541  -638  -691  -747  -845  -942  -1003  -1025  -1095  -1171  -1171  -1174  -1190  -1231  -1302  -1332  -1431  -1483  -1522  -1555  -1558  -1584  -1657  -1727  -1754  -1846  -1863  -1902  -1959  -2047  -2059  -2140  -2186  -2208  -2282  -2354  -2448  -2511  -2520  -2617  -2682  -2692  -2711  -2755  -2848  -2904  -2949  -3048  -3086  -3162  -3230  -3297  -3334  -3367  -3466  -3497  -3562  -3564  

50  -8  -46  -59  -130  -153  -251  -299  -334  -428  -454  -541  -638  -691  -747  -845  -942  -1003  -1025  -1095  -1171  -1171  -1174  -1190  -1231  -1302  -1332  -1431  -1483  -1522  -1555  -1558  -1584  -1657  -1727  -1754  -1846  -1863  -1902  -1959  -2047  -2059  -2140  -2186  -2208  -2282  -2354  -2448  -2511  -2520  -2617  -2682  -2692  -2711  -2755  -2848  -2904  -2949  -3048  -3086  -3162  -3230  -3297  -3334  -3367  -3466  -3497  -3562  -3564  -3642  -3715  -3747  -3770  -3843  -3905  -3916  -3979  -4075  -4084  

50  -8  -46  -59  -130  -153  -251  -299  -334  -428  -454  -541  -638  -691  -747  -845  -942  -1003  -1025  -1095  -1171  -1171  -1174  -1190  -1231  -1302  -1332  -1431  -1483  -1522  -1555  -1558  -1584  -1657  -1727  -1754  -1846  -1863  -1902  -1959  -2047  -2059  -2140  -2186  -2208  -2282  -2354  -2448  -2511  -2520  -2617  -2682  -2692  -2711  -2755  -2848  -2904  -2949  -3048  -3086  -3162  -3230  -3297  -3334  -3367  -3466  -3497  -3562  -3564  -3642  -3715  -3747  -3770  -3843  -3905  -3916  -3979  -4075  -4084  -4132  -4231  -4239  -4281  -4361  -4413  -4465  -4537  -4569  -4578  

50  -8  -46  -59  -130  -153  -251  -299  -334  -428  -454  -541  -638  -691  -747  -845  -942  -1003  -1025  -1095  -1171  -1171  -1174  -1190  -1231  -1302  -1332  -1431  -1483  -1522  -1555  -1558  -1584  -1657  -1727  -1754  -1846  -1863  -1902  -1959  -2047  -2059  -2140  -2186  -2208  -2282  -2354  -2448  -2511  -2520  -2617  -2682  -2692  -2711  -2755  -2848  -2904  -2949  -3048  -3086  -3162  -3230  -3297  -3334  -3367  -3466  -3497  -3562  -3564  -3642  -3715  -3747  -3770  -3843  -3905  -3916  -3979  -4075  -4084  -4132  -4231  -4239  -4281  -4361  -4413  -4465  -4537  -4569  -4578  -4610  -4625  -4702  -4741  -4809  -4886  -4937  -5016  -5062  -5077  

