Random Number Generated and Key of array>>
9  77  346  177  230  235  280  318  357  357  

9  77  120  177  230  346  280  318  357  357  357  412  434  507  578  584  617  639  709  716  

9  77  120  177  230  235  280  346  357  357  357  412  434  507  578  584  617  639  709  716  730  794  823  891  987  1077  1125  1177  1184  1188  

9  77  120  177  230  235  280  318  357  357  346  412  434  507  578  584  617  639  709  716  730  794  823  891  987  1077  1125  1177  1184  1188  1198  1268  1276  1325  1408  1495  1536  1585  1647  1717  

9  77  120  177  230  235  280  318  357  357  357  412  346  507  578  584  617  639  709  716  730  794  823  891  987  1077  1125  1177  1184  1188  1198  1268  1276  1325  1408  1495  1536  1585  1647  1717  1718  1742  1747  1838  1937  1979  1994  2005  2067  2154  

9  77  120  177  230  235  280  318  357  357  357  412  434  507  578  346  617  639  709  716  730  794  823  891  987  1077  1125  1177  1184  1188  1198  1268  1276  1325  1408  1495  1536  1585  1647  1717  1718  1742  1747  1838  1937  1979  1994  2005  2067  2154  2245  2343  2395  2410  2437  2530  2602  2685  2744  2829  

9  77  120  177  230  235  280  318  357  357  357  412  434  507  578  584  617  346  709  716  730  794  823  891  987  1077  1125  1177  1184  1188  1198  1268  1276  1325  1408  1495  1536  1585  1647  1717  1718  1742  1747  1838  1937  1979  1994  2005  2067  2154  2245  2343  2395  2410  2437  2530  2602  2685  2744  2829  2866  2868  2923  2977  3069  3076  3102  3161  3192  3211  

9  77  120  177  230  235  280  318  357  357  357  412  434  507  578  584  617  639  709  716  346  794  823  891  987  1077  1125  1177  1184  1188  1198  1268  1276  1325  1408  1495  1536  1585  1647  1717  1718  1742  1747  1838  1937  1979  1994  2005  2067  2154  2245  2343  2395  2410  2437  2530  2602  2685  2744  2829  2866  2868  2923  2977  3069  3076  3102  3161  3192  3211  3216  3293  3298  3354  3360  3365  3413  3422  3429  3520  

9  77  120  177  230  235  280  318  357  357  357  412  434  507  578  584  617  639  709  716  730  794  346  891  987  1077  1125  1177  1184  1188  1198  1268  1276  1325  1408  1495  1536  1585  1647  1717  1718  1742  1747  1838  1937  1979  1994  2005  2067  2154  2245  2343  2395  2410  2437  2530  2602  2685  2744  2829  2866  2868  2923  2977  3069  3076  3102  3161  3192  3211  3216  3293  3298  3354  3360  3365  3413  3422  3429  3520  3596  3691  3727  3779  3785  3852  3927  3936  3952  3959  

9  77  120  177  230  235  280  318  357  357  357  412  434  507  578  584  617  639  709  716  730  794  823  891  987  346  1125  1177  1184  1188  1198  1268  1276  1325  1408  1495  1536  1585  1647  1717  1718  1742  1747  1838  1937  1979  1994  2005  2067  2154  2245  2343  2395  2410  2437  2530  2602  2685  2744  2829  2866  2868  2923  2977  3069  3076  3102  3161  3192  3211  3216  3293  3298  3354  3360  3365  3413  3422  3429  3520  3596  3691  3727  3779  3785  3852  3927  3936  3952  3959  3997  4015  4048  4136  4190  4263  4302  4302  4341  4351  

